1678156939342 5.324137210845947 0
1678156939583 4.814624786376953 1
1678156939817 4.338536262512207 2
1678156940056 3.896951675415039 3
1678156940297 3.4945313930511475 4
1678156940550 3.129289150238037 5
1678156940798 2.804966688156128 6
1678156941038 2.517954111099243 7
1678156941288 2.2682204246520996 8
1678156941531 2.054088830947876 9
1678156941765 1.8723174333572388 10
1678156942038 1.7220982313156128 11
1678156942286 1.600799798965454 12
1678156942524 1.5014671087265015 13
1678156942761 1.4197194576263428 14
1678156943003 1.3523269891738892 15
1678156943250 1.2976927757263184 16
1678156943489 1.2509887218475342 17
1678156943725 1.210269570350647 18
1678156944011 1.1738178730010986 19
1678156944250 1.1417665481567383 20
1678156944486 1.1121200323104858 21
1678156944721 1.0852713584899902 22
1678156944956 1.0606833696365356 23
1678156945191 1.038661003112793 24
1678156945424 1.0181009769439697 25
1678156945659 0.9978522062301636 26
1678156945893 0.9781076908111572 27
1678156946127 0.9604277610778809 28
1678156946400 0.9431979060173035 29
1678156946636 0.9264771938323975 30
1678156946872 0.9111928343772888 31
1678156947108 0.8963721990585327 32
1678156947343 0.8824989795684814 33
1678156947578 0.8689718842506409 34
