1678157038902 4.724971294403076 0
1678157039143 3.798081159591675 1
1678157039382 3.1326375007629395 2
1678157039620 2.6233632564544678 3
1678157039858 2.263618230819702 4
1678157040126 1.9973171949386597 5
1678157040365 1.802550196647644 6
1678157040603 1.6582140922546387 7
1678157040841 1.5425450801849365 8
1678157041079 1.4392437934875488 9
1678157041318 1.3529902696609497 10
1678157041554 1.281293272972107 11
1678157041790 1.1894186735153198 12
1678157042029 1.1255589723587036 13
1678157042265 1.064659595489502 14
1678157042505 1.0133312940597534 15
1678157042743 0.9664309620857239 16
1678157043024 0.9192836880683899 17
1678157043275 0.8794366121292114 18
1678157043516 0.8352936506271362 19
1678157043755 0.7990264296531677 20
1678157043992 0.7704468965530396 21
1678157044231 0.7452309727668762 22
1678157044471 0.7174776196479797 23
1678157044708 0.6988545060157776 24
1678157044976 0.6793113946914673 25
1678157045213 0.6648666262626648 26
1678157045453 0.6506705284118652 27
1678157045692 0.6390199661254883 28
1678157045929 0.6259461045265198 29
1678157046167 0.6164950728416443 30
1678157046404 0.5992629528045654 31
1678157046643 0.5910301804542542 32
1678157046881 0.5800437927246094 33
1678157047117 0.5674546957015991 34
