1678157088032 59.63506317138672 0
1678157088290 1.3374103307724 1
1678157088541 1.3382818698883057 2
1678157088792 1.3399035930633545 3
1678157089045 1.34014892578125 4
1678157089297 1.3453787565231323 5
1678157089549 1.3499008417129517 6
1678157089800 1.3505297899246216 7
1678157090050 1.3572884798049927 8
1678157090302 1.365935206413269 9
1678157090551 1.3710863590240479 10
1678157090801 1.3835554122924805 11
1678157091058 1.3891198635101318 12
1678157091314 1.3903027772903442 13
1678157091569 1.3983691930770874 14
1678157091825 1.3859682083129883 15
1678157092079 1.3987147808074951 16
1678157092335 1.4114527702331543 17
1678157092591 1.417754054069519 18
1678157092845 1.4231287240982056 19
1678157093098 1.3826322555541992 20
1678157093351 1.3911560773849487 21
1678157093603 1.4197866916656494 22
1678157093853 1.394754409790039 23
1678157094105 1.4114974737167358 24
1678157094356 1.4126267433166504 25
1678157094609 1.391149878501892 26
1678157094860 1.3942358493804932 27
1678157095111 1.3998761177062988 28
1678157095367 1.3774186372756958 29
1678157095620 1.39735746383667 30
1678157095871 1.3858304023742676 31
1678157096121 1.4143351316452026 32
1678157096374 1.4012067317962646 33
1678157096625 1.3990391492843628 34
