1678157662113 2.427841901779175 0
1678157662352 0.8660768866539001 1
1678157662588 0.6833689212799072 2
1678157662825 0.5888174772262573 3
1678157663059 0.525927722454071 4
1678157663294 0.48653534054756165 5
1678157663527 0.46080783009529114 6
1678157663762 0.44381457567214966 7
1678157663997 0.4301821291446686 8
1678157664232 0.42003968358039856 9
1678157664474 0.41255953907966614 10
1678157664723 0.40471041202545166 11
1678157665000 0.3979845345020294 12
1678157665241 0.3918921947479248 13
1678157665478 0.3868141174316406 14
1678157665714 0.3822140097618103 15
1678157665948 0.37848061323165894 16
1678157666239 0.37511146068573 17
1678157666487 0.372036337852478 18
1678157666727 0.36977419257164 19
1678157666961 0.36725014448165894 20
1678157667199 0.36546653509140015 21
1678157667438 0.36380255222320557 22
1678157667693 0.3616943061351776 23
1678157667936 0.3605259954929352 24
1678157668172 0.3586150109767914 25
1678157668409 0.35760319232940674 26
1678157668651 0.3562338054180145 27
1678157668887 0.3550351560115814 28
1678157669155 0.3527483642101288 29
1678157669401 0.3522457480430603 30
1678157669636 0.3510453999042511 31
1678157669871 0.34989967942237854 32
1678157670105 0.34861892461776733 33
1678157670337 0.34695959091186523 34
