1678157054791 1.7183009386062622 0
1678157055030 0.8335208892822266 1
1678157055264 0.7163248062133789 2
1678157055497 0.6351388096809387 3
1678157055730 0.5976514220237732 4
1678157055965 0.5533254742622375 5
1678157056199 0.515859067440033 6
1678157056433 0.4942268431186676 7
1678157056703 0.4787342846393585 8
1678157056939 0.46438443660736084 9
1678157057170 0.45349809527397156 10
1678157057403 0.44511690735816956 11
1678157057637 0.43555963039398193 12
1678157057869 0.4252893030643463 13
1678157058100 0.4161331355571747 14
1678157058366 0.40958988666534424 15
1678157058597 0.4042729437351227 16
1678157058835 0.39734724164009094 17
1678157059069 0.39058825373649597 18
1678157059305 0.3866390287876129 19
1678157059540 0.3832629323005676 20
1678157059777 0.37974226474761963 21
1678157060010 0.373849481344223 22
1678157060243 0.36989128589630127 23
1678157060475 0.3662467896938324 24
1678157060709 0.36365681886672974 25
1678157060964 0.3634939193725586 26
1678157061201 0.3601248860359192 27
1678157061436 0.35753029584884644 28
1678157061671 0.35491761565208435 29
1678157061905 0.35251477360725403 30
1678157062139 0.35098275542259216 31
1678157062374 0.35030531883239746 32
1678157062608 0.34842365980148315 33
1678157062842 0.3474072813987732 34
