1678157021639 1.1109259128570557 0
1678157021898 0.6127979755401611 1
1678157022153 0.47800368070602417 2
1678157022409 0.4780747592449188 3
1678157022697 0.48974931240081787 4
1678157022950 0.4665190875530243 5
1678157023204 0.5028194189071655 6
1678157023457 0.5267425775527954 7
1678157023709 0.5166077613830566 8
1678157023962 0.49125897884368896 9
1678157024216 0.4773310422897339 10
1678157024468 0.501437783241272 11
1678157024721 0.48886457085609436 12
1678157024974 0.4819844663143158 13
1678157025226 0.48208004236221313 14
1678157025477 0.5139032602310181 15
1678157025732 0.5039981007575989 16
1678157025984 0.4989241063594818 17
1678157026241 0.5271241664886475 18
1678157026495 0.5082622170448303 19
1678157026783 0.5228076577186584 20
1678157027040 0.4965874254703522 21
1678157027293 0.4919348657131195 22
1678157027548 0.5076225399971008 23
1678157027802 0.49333202838897705 24
1678157028053 0.4957568943500519 25
1678157028306 0.5056316256523132 26
1678157028559 0.4897077679634094 27
1678157028810 0.5313370823860168 28
1678157029063 0.5131683945655823 29
1678157029321 0.5102940797805786 30
1678157029574 0.5085622072219849 31
1678157029866 0.5054782032966614 32
1678157030120 0.5142214298248291 33
1678157030374 0.5131250619888306 34
