1678157121125 0.5539292097091675 0
1678157121383 0.39738255739212036 1
1678157121637 0.36305585503578186 2
1678157121889 0.34888574481010437 3
1678157122144 0.3360717296600342 4
1678157122398 0.3318777084350586 5
1678157122651 0.3255939483642578 6
1678157122902 0.3257710039615631 7
1678157123154 0.3216084837913513 8
1678157123405 0.31907448172569275 9
1678157123659 0.30998843908309937 10
1678157123911 0.306883305311203 11
1678157124163 0.3009398281574249 12
1678157124417 0.30706268548965454 13
1678157124670 0.30376434326171875 14
1678157124924 0.29630911350250244 15
1678157125177 0.29657894372940063 16
1678157125428 0.2963968813419342 17
1678157125681 0.3006031811237335 18
1678157125933 0.298775315284729 19
1678157126185 0.2911137640476227 20
1678157126466 0.29278525710105896 21
1678157126723 0.2930421531200409 22
1678157126974 0.2949392795562744 23
1678157127226 0.28958794474601746 24
1678157127514 0.28582921624183655 25
1678157127765 0.2861431837081909 26
1678157128023 0.28170907497406006 27
1678157128277 0.2852591574192047 28
1678157128608 0.2817647159099579 29
1678157128927 0.2824581563472748 30
1678157129186 0.28330835700035095 31
1678157129445 0.2858509421348572 32
1678157129714 0.2852725088596344 33
1678157129975 0.28362759947776794 34
