1678156853879 3.5049679279327393 0
1678156854134 1.3348195552825928 1
1678156854389 1.3444929122924805 2
1678156854640 1.3437169790267944 3
1678156854909 1.3441399335861206 4
1678156855172 1.3556346893310547 5
1678156855427 1.3481746912002563 6
1678156855692 1.3611091375350952 7
1678156855968 1.3533287048339844 8
1678156856233 1.3562949895858765 9
1678156856495 1.359116792678833 10
1678156856745 1.3534504175186157 11
1678156856999 1.3664829730987549 12
1678156857254 1.3623908758163452 13
1678156857502 1.3583484888076782 14
1678156857750 1.3526511192321777 15
1678156858005 1.3571728467941284 16
1678156858255 1.3655827045440674 17
1678156858503 1.3563768863677979 18
1678156858754 1.3557177782058716 19
1678156859012 1.352280616760254 20
1678156859269 1.3543343544006348 21
1678156859522 1.356679916381836 22
1678156859776 1.357996940612793 23
1678156860031 1.3548681735992432 24
1678156860280 1.3602375984191895 25
1678156860537 1.3559226989746094 26
1678156860804 1.3573826551437378 27
1678156861060 1.3592852354049683 28
1678156861311 1.3554503917694092 29
1678156861579 1.355204701423645 30
1678156861853 1.355994701385498 31
1678156862102 1.3634660243988037 32
1678156862358 1.3551950454711914 33
1678156862609 1.3504594564437866 34
