1678157461983 5.405853748321533 0
1678157462221 4.243308067321777 1
1678157462469 3.159201145172119 2
1678157462709 2.311434030532837 3
1678157462949 1.7285810708999634 4
1678157463192 1.3716068267822266 5
1678157463440 1.1671513319015503 6
1678157463684 1.0581154823303223 7
1678157463923 1.0000300407409668 8
1678157464160 0.9656689763069153 9
1678157464405 0.9424982666969299 10
1678157464643 0.9232139587402344 11
1678157464880 0.9052633047103882 12
1678157465124 0.8900015950202942 13
1678157465367 0.8736478090286255 14
1678157465611 0.8598328828811646 15
1678157465852 0.8453589677810669 16
1678157466090 0.8311140537261963 17
1678157466331 0.8189970254898071 18
1678157466575 0.8070367574691772 19
1678157466817 0.7959727644920349 20
1678157467055 0.7851820588111877 21
1678157467301 0.7749168872833252 22
1678157467539 0.7655186653137207 23
1678157467778 0.754730761051178 24
1678157468021 0.7458680868148804 25
1678157468263 0.7361117005348206 26
1678157468506 0.7278628349304199 27
1678157468744 0.7195432186126709 28
1678157468987 0.710089921951294 29
1678157469227 0.7023729085922241 30
1678157469465 0.6950297951698303 31
1678157469709 0.686507523059845 32
1678157469948 0.67913419008255 33
1678157470188 0.6705185770988464 34
