1678157628889 0.5379422307014465 0
1678157629141 0.3950216472148895 1
1678157629392 0.4009389281272888 2
1678157629639 0.35457080602645874 3
1678157629895 0.3576801121234894 4
1678157630151 0.44760382175445557 5
1678157630405 0.3673439025878906 6
1678157630654 0.3458850383758545 7
1678157630932 0.34674832224845886 8
1678157631228 0.33452433347702026 9
1678157631510 0.33416876196861267 10
1678157631787 0.3711972236633301 11
1678157632073 0.3418761193752289 12
1678157632334 0.3380390703678131 13
1678157632609 0.33328720927238464 14
1678157632878 0.3289085626602173 15
1678157633140 0.33133164048194885 16
1678157633385 0.32468199729919434 17
1678157633632 0.32298552989959717 18
1678157633877 0.3298160433769226 19
1678157634123 0.3214835524559021 20
1678157634368 0.3245585262775421 21
1678157634614 0.3251590132713318 22
1678157634864 0.32077696919441223 23
1678157635115 0.32205188274383545 24
1678157635360 0.3166959583759308 25
1678157635602 0.3203430771827698 26
1678157635847 0.32425612211227417 27
1678157636092 0.3190764784812927 28
1678157636334 0.33433598279953003 29
1678157636577 0.3203583359718323 30
1678157636862 0.3153519034385681 31
1678157637145 0.3145015835762024 32
1678157637391 0.3122755289077759 33
1678157637637 0.3114008903503418 34
