1678157395744 1.9239063262939453 0
1678157395986 0.9279788136482239 1
1678157396222 0.8029564023017883 2
1678157396459 0.6308145523071289 3
1678157396697 0.5319716930389404 4
1678157396941 0.48073312640190125 5
1678157397186 0.4515015482902527 6
1678157397428 0.4313187897205353 7
1678157397663 0.4174482822418213 8
1678157397900 0.4057302176952362 9
1678157398135 0.3973938822746277 10
1678157398374 0.3910031318664551 11
1678157398611 0.38653647899627686 12
1678157398846 0.3816743493080139 13
1678157399084 0.3775922656059265 14
1678157399327 0.3732306957244873 15
1678157399571 0.3702584207057953 16
1678157399811 0.36655038595199585 17
1678157400049 0.3632810711860657 18
1678157400288 0.3600567579269409 19
1678157400524 0.3573395013809204 20
1678157400760 0.3543495237827301 21
1678157400997 0.3529825508594513 22
1678157401233 0.3503445088863373 23
1678157401470 0.34747403860092163 24
1678157401705 0.34609556198120117 25
1678157401942 0.34346938133239746 26
1678157402180 0.3411642014980316 27
1678157402420 0.34115123748779297 28
1678157402656 0.3384653329849243 29
1678157402893 0.3364676535129547 30
1678157403129 0.3353184759616852 31
1678157403366 0.3335129916667938 32
1678157403602 0.3322187066078186 33
1678157403838 0.3309602439403534 34
