1678157494167 1.3394150733947754 0
1678157494409 0.6022987365722656 1
1678157494644 0.46661967039108276 2
1678157494880 0.4233287274837494 3
1678157495115 0.4014895558357239 4
1678157495351 0.38641369342803955 5
1678157495588 0.3769151568412781 6
1678157495823 0.3701113760471344 7
1678157496059 0.3642859160900116 8
1678157496296 0.35971799492836 9
1678157496532 0.35620230436325073 10
1678157496769 0.35169917345046997 11
1678157497006 0.34773895144462585 12
1678157497243 0.3452340364456177 13
1678157497480 0.342598557472229 14
1678157497718 0.3391721248626709 15
1678157497955 0.336614727973938 16
1678157498192 0.3329828977584839 17
1678157498429 0.33267322182655334 18
1678157498666 0.3292519748210907 19
1678157498903 0.3273828625679016 20
1678157499140 0.32448869943618774 21
1678157499377 0.3233239948749542 22
1678157499613 0.320431649684906 23
1678157499851 0.31941893696784973 24
1678157500089 0.3166339099407196 25
1678157500323 0.31542372703552246 26
1678157500559 0.3133145868778229 27
1678157500795 0.3138321340084076 28
1678157501038 0.3127236068248749 29
1678157501282 0.3103809952735901 30
1678157501522 0.30883413553237915 31
1678157501765 0.30768072605133057 32
1678157502002 0.3068644404411316 33
1678157502242 0.30580034852027893 34
