1678157779762 0.9721947908401489 0
1678157780004 0.4738391637802124 1
1678157780278 0.41791588068008423 2
1678157780519 0.38842493295669556 3
1678157780761 0.37967148423194885 4
1678157781002 0.3606986701488495 5
1678157781239 0.35294538736343384 6
1678157781475 0.3435589671134949 7
1678157781715 0.3359372019767761 8
1678157781954 0.33083784580230713 9
1678157782188 0.32477086782455444 10
1678157782426 0.32024824619293213 11
1678157782662 0.316555380821228 12
1678157782901 0.3120892643928528 13
1678157783137 0.3105013966560364 14
1678157783375 0.3057539165019989 15
1678157783610 0.3070822060108185 16
1678157783845 0.30148881673812866 17
1678157784080 0.3045795261859894 18
1678157784316 0.2983410358428955 19
1678157784551 0.2987840175628662 20
1678157784786 0.297443151473999 21
1678157785022 0.30296480655670166 22
1678157785257 0.2919365167617798 23
1678157785497 0.29026374220848083 24
1678157785735 0.2942144572734833 25
1678157785971 0.2871014475822449 26
1678157786207 0.2908502519130707 27
1678157786446 0.2886274755001068 28
1678157786684 0.28306490182876587 29
1678157786921 0.2869637906551361 30
1678157787157 0.28196045756340027 31
1678157787391 0.2806273400783539 32
1678157787625 0.27886998653411865 33
1678157787860 0.27922323346138 34
