1678157411876 0.5718055367469788 0
1678157412157 0.40032777190208435 1
1678157412411 0.38002538681030273 2
1678157412664 0.3796254098415375 3
1678157412918 0.3606271743774414 4
1678157413168 0.42218130826950073 5
1678157413424 0.38889992237091064 6
1678157413678 0.37758535146713257 7
1678157413931 0.3662704825401306 8
1678157414183 0.3653654158115387 9
1678157414437 0.36553579568862915 10
1678157414689 0.35014212131500244 11
1678157414945 0.363395631313324 12
1678157415198 0.36173301935195923 13
1678157415452 0.3470650315284729 14
1678157415707 0.35586458444595337 15
1678157415963 0.3379060626029968 16
1678157416217 0.35046476125717163 17
1678157416472 0.3411472737789154 18
1678157416725 0.34748926758766174 19
1678157416980 0.34234756231307983 20
1678157417236 0.34386134147644043 21
1678157417490 0.34573766589164734 22
1678157417748 0.34431061148643494 23
1678157418003 0.343902587890625 24
1678157418259 0.3425121307373047 25
1678157418514 0.339268296957016 26
1678157418769 0.3475639224052429 27
1678157419023 0.33105409145355225 28
1678157419274 0.35759079456329346 29
1678157419525 0.3423817455768585 30
1678157419776 0.33229488134384155 31
1678157420027 0.3354303240776062 32
1678157420280 0.3357880115509033 33
1678157420531 0.3370717167854309 34
