1678156971436 6.264859199523926 0
1678156971678 5.47788143157959 1
1678156971914 4.743731498718262 2
1678156972151 4.051914215087891 3
1678156972386 3.4187426567077637 4
1678156972625 2.862929105758667 5
1678156972861 2.4035162925720215 6
1678156973099 2.0389657020568848 7
1678156973335 1.7584165334701538 8
1678156973570 1.5534534454345703 9
1678156973804 1.4149272441864014 10
1678156974038 1.3158743381500244 11
1678156974274 1.2383731603622437 12
1678156974509 1.1751437187194824 13
1678156974743 1.118591547012329 14
1678156975023 1.0677281618118286 15
1678156975261 1.0201516151428223 16
1678156975495 0.977141261100769 17
1678156975730 0.9377365708351135 18
1678156975965 0.9008421301841736 19
1678156976199 0.8677754998207092 20
1678156976434 0.8386291861534119 21
1678156976668 0.8114893436431885 22
1678156976938 0.7884976863861084 23
1678156977174 0.7674643993377686 24
1678156977409 0.7496788501739502 25
1678156977643 0.7340037226676941 26
1678156977878 0.7205109000205994 27
1678156978112 0.7073228359222412 28
1678156978361 0.695572018623352 29
1678156978597 0.6849507093429565 30
1678156978835 0.6754218935966492 31
1678156979069 0.6664383411407471 32
1678156979304 0.6571621894836426 33
1678156979541 0.6497015357017517 34
