1678157138265 0.6316025257110596 0
1678157138528 0.3842162489891052 1
1678157138784 0.3617273271083832 2
1678157139040 0.35386231541633606 3
1678157139298 0.338230162858963 4
1678157139554 0.3267394006252289 5
1678157139810 0.3227389454841614 6
1678157140065 0.316306471824646 7
1678157140319 0.3175947070121765 8
1678157140575 0.3114519715309143 9
1678157140829 0.3043210506439209 10
1678157141086 0.3014442026615143 11
1678157141339 0.2996332347393036 12
1678157141596 0.2955273687839508 13
1678157141851 0.29547035694122314 14
1678157142108 0.2967086434364319 15
1678157142366 0.2957117557525635 16
1678157142622 0.29565557837486267 17
1678157142882 0.29572591185569763 18
1678157143135 0.29392802715301514 19
1678157143390 0.29239317774772644 20
1678157143645 0.2890356779098511 21
1678157143899 0.2903086543083191 22
1678157144153 0.29067474603652954 23
1678157144408 0.28817442059516907 24
1678157144662 0.29225191473960876 25
1678157144916 0.28522825241088867 26
1678157145169 0.2846772074699402 27
1678157145424 0.2860334515571594 28
1678157145678 0.2851455509662628 29
1678157145932 0.28829026222229004 30
1678157146185 0.28283920884132385 31
1678157146440 0.28431904315948486 32
1678157146696 0.28136199712753296 33
1678157146951 0.2827503979206085 34
