1678156888066 1.9259182214736938 0
1678156888354 1.3432104587554932 1
1678156888606 1.3529956340789795 2
1678156888856 1.3485876321792603 3
1678156889137 1.352931261062622 4
1678156889394 1.35414719581604 5
1678156889644 1.3492474555969238 6
1678156889897 1.354029893875122 7
1678156890153 1.3501659631729126 8
1678156890514 1.3548243045806885 9
1678156890854 1.3543025255203247 10
1678156891205 1.3540757894515991 11
1678156891891 1.355993390083313 12
1678156892432 1.348192572593689 13
1678156892864 1.3576750755310059 14
1678156893258 1.3448255062103271 15
1678156893611 1.3520406484603882 16
1678156893920 1.3560750484466553 17
1678156894179 1.356164574623108 18
1678156894472 1.35958993434906 19
1678156894765 1.3674789667129517 20
1678156895061 1.3559902906417847 21
1678156895360 1.3502726554870605 22
1678156895677 1.3572344779968262 23
1678156895977 1.3536816835403442 24
1678156896276 1.3471683263778687 25
1678156896525 1.3550622463226318 26
1678156896867 1.3533589839935303 27
1678156897263 1.352615237236023 28
1678156897553 1.345041036605835 29
1678156897804 1.3507193326950073 30
1678156898087 1.365683913230896 31
1678156898342 1.3512450456619263 32
1678156898594 1.3565242290496826 33
1678156898876 1.354427456855774 34
