1678157155360 0.6683635711669922 0
1678157155618 0.5062406659126282 1
1678157155871 0.4113161861896515 2
1678157156122 0.38440564274787903 3
1678157156377 0.37938863039016724 4
1678157156630 0.38007062673568726 5
1678157156882 0.3799155652523041 6
1678157157164 0.37072113156318665 7
1678157157417 0.36826813220977783 8
1678157157669 0.3666284680366516 9
1678157157921 0.3619133234024048 10
1678157158172 0.3646356761455536 11
1678157158424 0.3769836723804474 12
1678157158674 0.37823861837387085 13
1678157158927 0.3575018644332886 14
1678157159181 0.3649798333644867 15
1678157159434 0.36120542883872986 16
1678157159686 0.36674192547798157 17
1678157159939 0.3629721403121948 18
1678157160192 0.3716484308242798 19
1678157160443 0.3648557960987091 20
1678157160695 0.3750371038913727 21
1678157160946 0.37457627058029175 22
1678157161196 0.3581242859363556 23
1678157161447 0.36676961183547974 24
1678157161698 0.3649592995643616 25
1678157161949 0.3740989863872528 26
1678157162200 0.3709396719932556 27
1678157162453 0.36829230189323425 28
1678157162705 0.36632996797561646 29
1678157162956 0.3744509816169739 30
1678157163209 0.3664889931678772 31
1678157163461 0.36353039741516113 32
1678157163714 0.3664219379425049 33
1678157163967 0.3612056076526642 34
