1678157746485 1.326822280883789 0
1678157746726 0.48672613501548767 1
1678157746965 0.4216250479221344 2
1678157747244 0.39554113149642944 3
1678157747480 0.3796790540218353 4
1678157747717 0.3716000020503998 5
1678157747954 0.3610084056854248 6
1678157748191 0.3553032875061035 7
1678157748428 0.3485586643218994 8
1678157748667 0.3410743176937103 9
1678157748904 0.33728811144828796 10
1678157749140 0.3320719003677368 11
1678157749376 0.3289128839969635 12
1678157749611 0.324837863445282 13
1678157749846 0.32223188877105713 14
1678157750081 0.32047319412231445 15
1678157750325 0.3199012577533722 16
1678157750578 0.3143019378185272 17
1678157750823 0.3133593797683716 18
1678157751058 0.3114332854747772 19
1678157751307 0.31189027428627014 20
1678157751540 0.3084700107574463 21
1678157751780 0.3064507246017456 22
1678157752019 0.30714571475982666 23
1678157752299 0.30457496643066406 24
1678157752565 0.3047683835029602 25
1678157752815 0.30303043127059937 26
1678157753074 0.30311957001686096 27
1678157753311 0.30259403586387634 28
1678157753548 0.30039331316947937 29
1678157753811 0.3012622594833374 30
1678157754080 0.30030760169029236 31
1678157754316 0.2974082827568054 32
1678157754550 0.29743728041648865 33
1678157754783 0.29615554213523865 34
