1678157594028 0.5939431190490723 0
1678157594403 0.4074474275112152 1
1678157594685 0.3916417956352234 2
1678157594948 0.3787771165370941 3
1678157595221 0.3656960725784302 4
1678157595533 0.35861095786094666 5
1678157595798 0.3559640049934387 6
1678157596094 0.35503536462783813 7
1678157596412 0.34635740518569946 8
1678157596691 0.34709128737449646 9
1678157596995 0.3484826982021332 10
1678157597265 0.3329821825027466 11
1678157597535 0.32846149802207947 12
1678157597791 0.3293919563293457 13
1678157598081 0.34415537118911743 14
1678157598357 0.32413631677627563 15
1678157598616 0.3243805766105652 16
1678157598872 0.32292503118515015 17
1678157599129 0.3181166648864746 18
1678157599386 0.3159582018852234 19
1678157599639 0.3150155246257782 20
1678157599896 0.31644928455352783 21
1678157600148 0.30949270725250244 22
1678157600399 0.3176879584789276 23
1678157600657 0.30861979722976685 24
1678157600910 0.3173564672470093 25
1678157601166 0.3098173141479492 26
1678157601419 0.3123385012149811 27
1678157601678 0.30889689922332764 28
1678157601937 0.3153958022594452 29
1678157602208 0.3088259994983673 30
1678157602475 0.3048217296600342 31
1678157602734 0.30515503883361816 32
1678157602993 0.4479944705963135 33
1678157603278 0.3559751808643341 34
