1678157329504 1.5061099529266357 0
1678157329771 0.6024871468544006 1
1678157330035 0.49742555618286133 2
1678157330292 0.45046839118003845 3
1678157330575 0.42654362320899963 4
1678157330829 0.4100227952003479 5
1678157331080 0.39830729365348816 6
1678157331322 0.39023101329803467 7
1678157331569 0.38295507431030273 8
1678157331806 0.377971887588501 9
1678157332044 0.37166059017181396 10
1678157332279 0.3670404553413391 11
1678157332515 0.36223292350769043 12
1678157332749 0.35916274785995483 13
1678157332989 0.35576751828193665 14
1678157333230 0.3524429500102997 15
1678157333473 0.34876200556755066 16
1678157333710 0.34600332379341125 17
1678157333945 0.34308379888534546 18
1678157334180 0.3409821391105652 19
1678157334416 0.33657294511795044 20
1678157334668 0.33620089292526245 21
1678157334906 0.33241745829582214 22
1678157335150 0.3308384418487549 23
1678157335390 0.3281928598880768 24
1678157335632 0.3263896107673645 25
1678157335874 0.3244350254535675 26
1678157336114 0.3220272660255432 27
1678157336354 0.3225386440753937 28
1678157336590 0.3193109929561615 29
1678157336828 0.3170931339263916 30
1678157337065 0.31558018922805786 31
1678157337302 0.31502121686935425 32
1678157337539 0.3123883306980133 33
1678157337776 0.3125082850456238 34
