1678157478099 1.9487863779067993 0
1678157478340 1.2711790800094604 1
1678157478581 1.0937985181808472 2
1678157478820 0.9290227890014648 3
1678157479057 0.7761695981025696 4
1678157479292 0.6971101760864258 5
1678157479527 0.6205933094024658 6
1678157479763 0.5521671772003174 7
1678157480000 0.5162976980209351 8
1678157480241 0.4805792272090912 9
1678157480483 0.45960795879364014 10
1678157480719 0.4396485984325409 11
1678157480958 0.4219925105571747 12
1678157481198 0.4020672142505646 13
1678157481440 0.39273831248283386 14
1678157481676 0.3850994408130646 15
1678157481915 0.37895843386650085 16
1678157482154 0.3719315826892853 17
1678157482388 0.368583619594574 18
1678157482623 0.36628279089927673 19
1678157482857 0.36276775598526 20
1678157483090 0.3593391478061676 21
1678157483325 0.3581145107746124 22
1678157483560 0.35477927327156067 23
1678157483792 0.35245004296302795 24
1678157484025 0.3510916233062744 25
1678157484258 0.34875351190567017 26
1678157484493 0.3465152680873871 27
1678157484726 0.3444038927555084 28
1678157484964 0.3421879708766937 29
1678157485199 0.3410666286945343 30
1678157485438 0.33924606442451477 31
1678157485682 0.33779823780059814 32
1678157485923 0.33574846386909485 33
1678157486164 0.33359867334365845 34
