1678157445993 1.7688740491867065 0
1678157446238 0.7034777998924255 1
1678157446485 0.5213484168052673 2
1678157446729 0.45184916257858276 3
1678157446971 0.42198190093040466 4
1678157447210 0.40505486726760864 5
1678157447454 0.39380183815956116 6
1678157447702 0.3901851773262024 7
1678157447945 0.3807389736175537 8
1678157448186 0.375287264585495 9
1678157448426 0.3700534999370575 10
1678157448669 0.3659973442554474 11
1678157448912 0.366279661655426 12
1678157449152 0.354453444480896 13
1678157449395 0.3508366644382477 14
1678157449639 0.34597116708755493 15
1678157449876 0.34669625759124756 16
1678157450113 0.3426811993122101 17
1678157450353 0.3370155096054077 18
1678157450590 0.3366226255893707 19
1678157450825 0.3332025706768036 20
1678157451060 0.32831448316574097 21
1678157451297 0.32622796297073364 22
1678157451540 0.3228347897529602 23
1678157451785 0.32169169187545776 24
1678157452027 0.31943485140800476 25
1678157452265 0.3176090717315674 26
1678157452504 0.3159286081790924 27
1678157452747 0.3138996958732605 28
1678157452986 0.31352704763412476 29
1678157453230 0.3120035231113434 30
1678157453468 0.3104335367679596 31
1678157453706 0.309032678604126 32
1678157453944 0.3092588186264038 33
1678157454184 0.30846869945526123 34
