1678157345750 0.8164083361625671 0
1678157346003 0.4800109565258026 1
1678157346289 0.4710678160190582 2
1678157346543 0.49858617782592773 3
1678157346798 1.3233717679977417 4
1678157347050 1.0988801717758179 5
1678157347300 1.0621944665908813 6
1678157347556 1.3041837215423584 7
1678157347810 1.1705917119979858 8
1678157348059 0.9985148906707764 9
1678157348309 0.8650700449943542 10
1678157348558 0.7968690991401672 11
1678157348812 0.7271702289581299 12
1678157349069 0.6652190089225769 13
1678157349322 0.6260632872581482 14
1678157349572 0.5833723545074463 15
1678157349824 0.5576031804084778 16
1678157350080 0.562796413898468 17
1678157350333 0.5229355096817017 18
1678157350581 0.5425679087638855 19
1678157350836 0.5092085003852844 20
1678157351086 0.4968268871307373 21
1678157351333 0.5144060254096985 22
1678157351586 0.501386284828186 23
1678157351842 0.4975569248199463 24
1678157352094 0.49238860607147217 25
1678157352350 0.5031152367591858 26
1678157352602 0.48536261916160583 27
1678157352855 0.48756715655326843 28
1678157353107 0.5394835472106934 29
1678157353358 0.49521854519844055 30
1678157353612 0.5224941968917847 31
1678157353863 0.5004070401191711 32
1678157354113 0.4974663257598877 33
1678157354368 0.4915609657764435 34
