1678157711351 1.1356545686721802 0
1678157711590 0.46703940629959106 1
1678157711826 0.39884501695632935 2
1678157712062 0.3775509297847748 3
1678157712299 0.36553269624710083 4
1678157712536 0.3626616895198822 5
1678157712772 0.34942904114723206 6
1678157713007 0.3418213129043579 7
1678157713241 0.3368745744228363 8
1678157713476 0.33048215508461 9
1678157713710 0.32567015290260315 10
1678157713944 0.32625535130500793 11
1678157714212 0.32047709822654724 12
1678157714452 0.318190336227417 13
1678157714696 0.3142409026622772 14
1678157714971 0.3114714026451111 15
1678157715235 0.30843043327331543 16
1678157715473 0.3086993992328644 17
1678157715707 0.3065422475337982 18
1678157715946 0.30494844913482666 19
1678157716181 0.30231550335884094 20
1678157716415 0.30218207836151123 21
1678157716650 0.2988147735595703 22
1678157716885 0.3002934753894806 23
1678157717120 0.29596441984176636 24
1678157717357 0.2983970642089844 25
1678157717598 0.2946229577064514 26
1678157717833 0.29199036955833435 27
1678157718085 0.29145827889442444 28
1678157718397 0.292858749628067 29
1678157718637 0.28882643580436707 30
1678157718871 0.2911492884159088 31
1678157719106 0.2875732481479645 32
1678157719340 0.28622913360595703 33
1678157719573 0.28659549355506897 34
