1678157795620 4.511062145233154 0
1678157795875 1.3826531171798706 1
1678157796118 0.8559859991073608 2
1678157796378 0.7426190376281738 3
1678157796625 0.663996696472168 4
1678157796886 0.6111515760421753 5
1678157797151 0.5731115341186523 6
1678157797392 0.5435432195663452 7
1678157797631 0.5203464031219482 8
1678157797871 0.5010844469070435 9
1678157798108 0.48590099811553955 10
1678157798346 0.47369444370269775 11
1678157798583 0.4634411334991455 12
1678157798821 0.45525071024894714 13
1678157799058 0.4480906128883362 14
1678157799296 0.4415418803691864 15
1678157799538 0.4364752471446991 16
1678157799820 0.4311040937900543 17
1678157800062 0.42704156041145325 18
1678157800299 0.42274242639541626 19
1678157800537 0.4189588725566864 20
1678157800773 0.4156254529953003 21
1678157801009 0.41274118423461914 22
1678157801249 0.40979084372520447 23
1678157801485 0.40706804394721985 24
1678157801722 0.4044915735721588 25
1678157801958 0.4020523130893707 26
1678157802195 0.39980238676071167 27
1678157802433 0.3976951837539673 28
1678157802670 0.39560791850090027 29
1678157802911 0.3934929668903351 30
1678157803152 0.3918035328388214 31
1678157803398 0.3899133801460266 32
1678157803640 0.38823485374450684 33
1678157803879 0.38661298155784607 34
