1678157611850 3.0082457065582275 0
1678157612101 1.3425222635269165 1
1678157612353 1.3456028699874878 2
1678157612608 1.3438817262649536 3
1678157612859 1.3467894792556763 4
1678157613104 1.3474692106246948 5
1678157613352 1.3591669797897339 6
1678157613599 1.3542160987854004 7
1678157613846 1.356336236000061 8
1678157614095 1.3606350421905518 9
1678157614370 1.3483775854110718 10
1678157614618 1.3608444929122925 11
1678157614865 1.352116346359253 12
1678157615117 1.3599122762680054 13
1678157615372 1.3664097785949707 14
1678157615625 1.366091251373291 15
1678157615878 1.367471694946289 16
1678157616130 1.346447229385376 17
1678157616384 1.3631939888000488 18
1678157616633 1.3605462312698364 19
1678157616883 1.372183084487915 20
1678157617132 1.3587050437927246 21
1678157617380 1.3632601499557495 22
1678157617628 1.354453682899475 23
1678157617873 1.3658865690231323 24
1678157618119 1.3648942708969116 25
1678157618366 1.3635003566741943 26
1678157618613 1.352755069732666 27
1678157618859 1.360561728477478 28
1678157619105 1.3640395402908325 29
1678157619352 1.3493129014968872 30
1678157619598 1.3533899784088135 31
1678157619845 1.3585931062698364 32
1678157620092 1.3622980117797852 33
1678157620339 1.356937050819397 34
