1678159349415 1.090640664100647 0
1678159349579 0.4355221688747406 1
1678159349744 0.39002230763435364 2
1678159349906 0.3672092854976654 3
1678159350071 0.355153352022171 4
1678159350257 0.34680256247520447 5
1678159350432 0.33892831206321716 6
1678159350603 0.33311086893081665 7
1678159350778 0.3269850015640259 8
1678159350941 0.32262906432151794 9
1678159351104 0.32045039534568787 10
1678159351267 0.31469517946243286 11
1678159351437 0.31500741839408875 12
1678159351598 0.30908527970314026 13
1678159351761 0.3069833815097809 14
1678159351923 0.30406051874160767 15
1678159352092 0.3019319176673889 16
1678159352252 0.30078303813934326 17
1678159352418 0.29842934012413025 18
1678159352590 0.2958509922027588 19
1678159352766 0.2956360876560211 20
1678159352938 0.2938675582408905 21
1678159353109 0.2925320565700531 22
1678159353281 0.29198765754699707 23
1678159353457 0.2886568009853363 24
1678159353629 0.2873375713825226 25
1678159353808 0.28630995750427246 26
1678159353980 0.2853626608848572 27
1678159354151 0.28722822666168213 28
1678159354320 0.28324422240257263 29
1678159354488 0.2817937433719635 30
1678159354652 0.2814270853996277 31
1678159354821 0.2872641682624817 32
1678159354983 0.27966177463531494 33
1678159355148 0.280266135931015 34
