1678156816958 0.5337461233139038 0
1678156817226 0.4178469777107239 1
1678156817484 0.4067823588848114 2
1678156817740 0.4431786835193634 3
1678156818003 0.40799519419670105 4
1678156818262 0.40008625388145447 5
1678156818528 0.4226832687854767 6
1678156818784 0.4046132266521454 7
1678156819047 0.38265058398246765 8
1678156819309 0.3781338632106781 9
1678156819569 0.40058767795562744 10
1678156819824 0.3987089693546295 11
1678156820077 0.3953377604484558 12
1678156820334 0.3919009864330292 13
1678156820595 0.38460689783096313 14
1678156820849 0.3736206591129303 15
1678156821108 0.390458881855011 16
1678156821362 0.3770771026611328 17
1678156821622 0.3725268840789795 18
1678156821877 0.37929362058639526 19
1678156822131 0.39650896191596985 20
1678156822383 0.3729742765426636 21
1678156822637 0.377978652715683 22
1678156822896 0.3757268488407135 23
1678156823150 0.37110820412635803 24
1678156823415 0.38304784893989563 25
1678156823670 0.38783854246139526 26
1678156823929 0.38532835245132446 27
1678156824184 0.3899402916431427 28
1678156824446 0.43808022141456604 29
1678156824712 0.40327560901641846 30
1678156824973 0.3937801122665405 31
1678156825227 0.38728663325309753 32
1678156825485 0.38068193197250366 33
1678156825743 0.3877272605895996 34
