1678156766566 6.1597089767456055 0
1678156766815 5.231010437011719 1
1678156767054 4.410302639007568 2
1678156767307 3.70532488822937 3
1678156767552 3.092811107635498 4
1678156767794 2.5844361782073975 5
1678156768046 2.162118673324585 6
1678156768291 1.841780185699463 7
1678156768539 1.5996036529541016 8
1678156768783 1.4135090112686157 9
1678156769062 1.2720972299575806 10
1678156769307 1.1705409288406372 11
1678156769555 1.0917531251907349 12
1678156769796 1.0298528671264648 13
1678156770039 0.9777982831001282 14
1678156770279 0.9378685355186462 15
1678156770527 0.9031214118003845 16
1678156770770 0.8758256435394287 17
1678156771019 0.8432115316390991 18
1678156771261 0.8188629746437073 19
1678156771499 0.7989733815193176 20
1678156771740 0.7769907116889954 21
1678156771977 0.7600002884864807 22
1678156772214 0.7448139786720276 23
1678156772458 0.728496789932251 24
1678156772701 0.71518874168396 25
1678156772936 0.7010933756828308 26
1678156773179 0.6894590258598328 27
1678156773420 0.6769441366195679 28
1678156773659 0.6666845083236694 29
1678156773899 0.6576613783836365 30
1678156774138 0.6490198373794556 31
1678156774378 0.6415585279464722 32
1678156774619 0.6336293816566467 33
1678156774858 0.6238727569580078 34
