1678156799604 2.2580020427703857 0
1678156799889 0.8804170489311218 1
1678156800135 0.6926587224006653 2
1678156800374 0.5946636199951172 3
1678156800612 0.539831817150116 4
1678156800857 0.5028464198112488 5
1678156801114 0.48049771785736084 6
1678156801363 0.46097129583358765 7
1678156801613 0.44770878553390503 8
1678156801862 0.43628963828086853 9
1678156802107 0.42715632915496826 10
1678156802360 0.41995036602020264 11
1678156802599 0.4139590263366699 12
1678156802835 0.40882009267807007 13
1678156803077 0.4040357172489166 14
1678156803315 0.3994155526161194 15
1678156803565 0.3953177332878113 16
1678156803808 0.3919277787208557 17
1678156804054 0.38794398307800293 18
1678156804291 0.38486069440841675 19
1678156804545 0.38117584586143494 20
1678156804801 0.378401517868042 21
1678156805040 0.3761592209339142 22
1678156805290 0.373426228761673 23
1678156805538 0.3711840510368347 24
1678156805781 0.36883488297462463 25
1678156806027 0.36681613326072693 26
1678156806271 0.36504071950912476 27
1678156806517 0.3629878759384155 28
1678156806761 0.3613879382610321 29
1678156807020 0.35950160026550293 30
1678156807266 0.3580358028411865 31
1678156807502 0.3569566011428833 32
1678156807746 0.3556649386882782 33
1678156807983 0.35411664843559265 34
