1678156955372 5.0616230964660645 0
1678156955611 3.4641551971435547 1
1678156955849 2.236624240875244 2
1678156956085 1.521185040473938 3
1678156956323 1.1806039810180664 4
1678156956561 1.041212797164917 5
1678156956840 0.9794227480888367 6
1678156957096 0.9356567859649658 7
1678156957335 0.9030910730361938 8
1678156957572 0.8665796518325806 9
1678156957810 0.8358249068260193 10
1678156958048 0.806806206703186 11
1678156958285 0.7818198204040527 12
1678156958522 0.7581711411476135 13
1678156958758 0.736275851726532 14
1678156958996 0.7126786112785339 15
1678156959233 0.6931459307670593 16
1678156959469 0.6727774143218994 17
1678156959706 0.6530160903930664 18
1678156959989 0.6372265815734863 19
1678156960225 0.6219169497489929 20
1678156960460 0.6063805222511292 21
1678156960695 0.5939937829971313 22
1678156960932 0.5809158086776733 23
1678156961167 0.5688062906265259 24
1678156961403 0.5585676431655884 25
1678156961640 0.5478130578994751 26
1678156961876 0.537880003452301 27
1678156962114 0.5295724272727966 28
1678156962352 0.5195482969284058 29
1678156962590 0.5113573670387268 30
1678156962826 0.5038008093833923 31
1678156963062 0.4963124692440033 32
1678156963333 0.49015045166015625 33
1678156963585 0.48441872000694275 34
