1678157313443 0.5750879049301147 0
1678157313683 0.45099085569381714 1
1678157313919 0.4200073480606079 2
1678157314153 0.43259578943252563 3
1678157314386 0.4049781262874603 4
1678157314622 0.42158129811286926 5
1678157314857 0.46378907561302185 6
1678157315091 0.45438501238822937 7
1678157315332 0.42629706859588623 8
1678157315581 0.42009657621383667 9
1678157315837 0.43187379837036133 10
1678157316081 0.4366914927959442 11
1678157316319 0.4309885799884796 12
1678157316556 0.44138529896736145 13
1678157316802 0.41968274116516113 14
1678157317045 0.487453818321228 15
1678157317288 0.4691973328590393 16
1678157317531 0.44980499148368835 17
1678157317779 0.4533446133136749 18
1678157318015 0.44293463230133057 19
1678157318251 0.4369053244590759 20
1678157318487 0.4563939571380615 21
1678157318722 0.4457106590270996 22
1678157318958 0.43758532404899597 23
1678157319193 0.44719982147216797 24
1678157319428 0.45631730556488037 25
1678157319665 0.44716694951057434 26
1678157319901 0.4439491629600525 27
1678157320137 0.4215421974658966 28
1678157320373 0.4604495167732239 29
1678157320610 0.46528902649879456 30
1678157320845 0.44165775179862976 31
1678157321081 0.4219498336315155 32
1678157321317 0.42697063088417053 33
1678157321555 0.4481033682823181 34
