1678157070905 0.5043357014656067 0
1678157071161 0.38855862617492676 1
1678157071447 0.37563377618789673 2
1678157071700 0.3632083535194397 3
1678157071954 0.3460092842578888 4
1678157072207 0.34303420782089233 5
1678157072463 0.3428766429424286 6
1678157072714 0.33064550161361694 7
1678157072966 0.3370804190635681 8
1678157073217 0.3183591663837433 9
1678157073469 0.31942877173423767 10
1678157073718 0.329015851020813 11
1678157073968 0.3122764825820923 12
1678157074217 0.31938111782073975 13
1678157074469 0.3576560616493225 14
1678157074717 0.3117697834968567 15
1678157074967 0.3055550456047058 16
1678157075218 0.3009490668773651 17
1678157075469 0.3007962703704834 18
1678157075720 0.30592018365859985 19
1678157075970 0.2951281666755676 20
1678157076256 0.2953685224056244 21
1678157076537 0.30320972204208374 22
1678157076824 0.3003233075141907 23
1678157077081 0.29556867480278015 24
1678157077335 0.2927565574645996 25
1678157077586 0.29432493448257446 26
1678157077836 0.2895908057689667 27
1678157078087 0.2934557795524597 28
1678157078339 0.2926560342311859 29
1678157078591 0.2901897430419922 30
1678157078876 0.28485816717147827 31
1678157079130 0.2864016890525818 32
1678157079383 0.28334319591522217 33
1678157079635 0.2857145071029663 34
