1678157695205 2.7260560989379883 0
1678157695445 0.7608550786972046 1
1678157695683 0.6305232644081116 2
1678157695919 0.5386157035827637 3
1678157696156 0.48845037817955017 4
1678157696392 0.44882816076278687 5
1678157696627 0.43187791109085083 6
1678157696862 0.41931045055389404 7
1678157697098 0.40782099962234497 8
1678157697333 0.40065717697143555 9
1678157697570 0.3944084644317627 10
1678157697807 0.3884451687335968 11
1678157698044 0.3836004137992859 12
1678157698283 0.37948593497276306 13
1678157698519 0.37552309036254883 14
1678157698755 0.3721065819263458 15
1678157698992 0.36915987730026245 16
1678157699225 0.36572709679603577 17
1678157699460 0.36307865381240845 18
1678157699698 0.3610450029373169 19
1678157699936 0.357843816280365 20
1678157700173 0.3559935986995697 21
1678157700411 0.35408568382263184 22
1678157700647 0.3515031933784485 23
1678157700883 0.3498973846435547 24
1678157701121 0.34834209084510803 25
1678157701358 0.3464393615722656 26
1678157701593 0.34427139163017273 27
1678157701848 0.34286975860595703 28
1678157702102 0.3415701985359192 29
1678157702340 0.34021204710006714 30
1678157702576 0.33801475167274475 31
1678157702813 0.337313711643219 32
1678157703050 0.3357051610946655 33
1678157703287 0.3344675600528717 34
