1678157679220 1.3605473041534424 0
1678157679465 0.5257012844085693 1
1678157679730 0.4342719316482544 2
1678157679966 0.4046381711959839 3
1678157680207 0.38511693477630615 4
1678157680444 0.3775210678577423 5
1678157680680 0.36717140674591064 6
1678157680918 0.36140161752700806 7
1678157681155 0.3526136577129364 8
1678157681392 0.34572499990463257 9
1678157681628 0.3422451615333557 10
1678157681866 0.3366405963897705 11
1678157682103 0.3303595185279846 12
1678157682341 0.3275010883808136 13
1678157682578 0.32261887192726135 14
1678157682816 0.31873518228530884 15
1678157683052 0.31426382064819336 16
1678157683289 0.31156161427497864 17
1678157683536 0.3099149763584137 18
1678157683797 0.3067871630191803 19
1678157684050 0.3041324019432068 20
1678157684298 0.3028110861778259 21
1678157684537 0.3017885684967041 22
1678157684774 0.298216849565506 23
1678157685009 0.29707983136177063 24
1678157685246 0.2953055202960968 25
1678157685481 0.29458263516426086 26
1678157685718 0.29447999596595764 27
1678157685954 0.29203253984451294 28
1678157686190 0.2902105748653412 29
1678157686425 0.2885825037956238 30
1678157686661 0.28843778371810913 31
1678157686898 0.2853315472602844 32
1678157687135 0.2871819734573364 33
1678157687372 0.285796582698822 34
