1678156836725 0.6501892805099487 0
1678156836984 0.3911578953266144 1
1678156837234 0.36778903007507324 2
1678156837483 0.3516492545604706 3
1678156837733 0.3408283293247223 4
1678156837979 0.3286336064338684 5
1678156838223 0.32290905714035034 6
1678156838475 0.3213813304901123 7
1678156838730 0.3133227825164795 8
1678156838979 0.3060517907142639 9
1678156839227 0.3082044720649719 10
1678156839473 0.2977985739707947 11
1678156839717 0.29724937677383423 12
1678156839962 0.29610469937324524 13
1678156840207 0.29608333110809326 14
1678156840459 0.29282161593437195 15
1678156840706 0.2928007245063782 16
1678156840956 0.29441940784454346 17
1678156841210 0.2902448773384094 18
1678156841458 0.2856473922729492 19
1678156841707 0.3021305501461029 20
1678156841964 0.2953440845012665 21
1678156842214 0.2892706096172333 22
1678156842474 0.28879112005233765 23
1678156842722 0.2862194776535034 24
1678156842975 0.28189417719841003 25
1678156843229 0.2854008972644806 26
1678156843481 0.287065714597702 27
1678156843727 0.2789624333381653 28
1678156843974 0.2782120406627655 29
1678156844232 0.28277406096458435 30
1678156844496 0.282407283782959 31
1678156844755 0.2771213948726654 32
1678156845006 0.27477604150772095 33
1678156845255 0.27845361828804016 34
