1678157428871 0.5502262711524963 0
1678157429135 0.4235306680202484 1
1678157429393 0.41929832100868225 2
1678157429649 0.3983263671398163 3
1678157429908 0.4056408405303955 4
1678157430170 0.3967323899269104 5
1678157430432 0.39369112253189087 6
1678157430690 33.856449127197266 7
1678157430949 1.3663427829742432 8
1678157431204 1.3347996473312378 9
1678157431462 1.3333063125610352 10
1678157431716 1.336061716079712 11
1678157431972 1.31343674659729 12
1678157432234 0.9643257856369019 13
1678157432491 0.6348791718482971 14
1678157432744 0.5435459613800049 15
1678157432999 1.4228136539459229 16
1678157433254 1.3387953042984009 17
1678157433509 1.3418774604797363 18
1678157433763 1.3390053510665894 19
1678157434017 1.3371431827545166 20
1678157434272 1.3373291492462158 21
1678157434526 1.3385311365127563 22
1678157434787 1.338545322418213 23
1678157435046 1.3423986434936523 24
1678157435305 1.3402676582336426 25
1678157435568 1.340660572052002 26
1678157435828 1.3399018049240112 27
1678157436091 1.33802330493927 28
1678157436353 1.3380906581878662 29
1678157436613 1.3400059938430786 30
1678157436876 1.3438801765441895 31
1678157437136 1.339392066001892 32
1678157437392 1.3417816162109375 33
1678157437647 1.3399827480316162 34
