1678156907109 3.9825809001922607 0
1678156907349 3.173279047012329 1
1678156907581 2.4861135482788086 2
1678156907826 2.0012600421905518 3
1678156908078 1.7142587900161743 4
1678156908350 1.5195714235305786 5
1678156908618 1.3722472190856934 6
1678156908861 1.2634387016296387 7
1678156909099 1.1490265130996704 8
1678156909335 1.0710896253585815 9
1678156909574 1.0000731945037842 10
1678156909811 0.9403952956199646 11
1678156910046 0.9010210633277893 12
1678156910288 0.8579774498939514 13
1678156910533 0.8242623805999756 14
1678156910774 0.797688901424408 15
1678156911012 0.7700507044792175 16
1678156911251 0.7460936903953552 17
1678156911491 0.7276461124420166 18
1678156911759 0.7105066776275635 19
1678156911995 0.6900874376296997 20
1678156912229 0.6711180806159973 21
1678156912467 0.6586977243423462 22
1678156912741 0.6419780254364014 23
1678156912977 0.6309478878974915 24
1678156913215 0.6181839108467102 25
1678156913451 0.6075879335403442 26
1678156913693 0.5985515713691711 27
1678156913938 0.5885129570960999 28
1678156914189 0.5788694620132446 29
1678156914425 0.5697057843208313 30
1678156914678 0.5606768131256104 31
1678156914918 0.554812490940094 32
1678156915164 0.546634316444397 33
1678156915407 0.5409393906593323 34
