1678157510325 8.226377487182617 0
1678157510563 6.2547407150268555 1
1678157510798 2.3432557582855225 2
1678157511033 1.2385413646697998 3
1678157511269 1.0418184995651245 4
1678157511503 0.9287831783294678 5
1678157511738 0.8541172742843628 6
1678157511976 0.7991293668746948 7
1678157512210 0.7585746645927429 8
1678157512448 0.7299191951751709 9
1678157512684 0.707808792591095 10
1678157512919 0.6902447938919067 11
1678157513155 0.6764712333679199 12
1678157513391 0.6642724871635437 13
1678157513624 0.6541048288345337 14
1678157513857 0.6445435285568237 15
1678157514093 0.635390043258667 16
1678157514327 0.6270841360092163 17
1678157514560 0.6192092895507812 18
1678157514794 0.611689567565918 19
1678157515034 0.6044312119483948 20
1678157515268 0.5972745418548584 21
1678157515506 0.5902977585792542 22
1678157515741 0.583504319190979 23
1678157516000 0.5769043564796448 24
1678157516252 0.5703942179679871 25
1678157516522 0.5642076134681702 26
1678157516774 0.5581579804420471 27
1678157517014 0.5522218942642212 28
1678157517264 0.5465064644813538 29
1678157517507 0.5408838391304016 30
1678157517742 0.5355275273323059 31
1678157517980 0.5304070115089417 32
1678157518215 0.5256364941596985 33
1678157518450 0.5210237503051758 34
