1678157526422 4.59780740737915 0
1678157526662 3.7427592277526855 1
1678157526896 2.94262957572937 2
1678157527133 2.087400436401367 3
1678157527368 1.5678443908691406 4
1678157527603 1.386347770690918 5
1678157527837 1.293091893196106 6
1678157528071 1.2242835760116577 7
1678157528305 1.1597155332565308 8
1678157528539 1.103851556777954 9
1678157528773 1.0465744733810425 10
1678157529008 1.0007435083389282 11
1678157529242 0.9581083059310913 12
1678157529477 0.9184066653251648 13
1678157529712 0.8836432099342346 14
1678157529946 0.8553515672683716 15
1678157530182 0.8282562494277954 16
1678157530417 0.8037503361701965 17
1678157530651 0.7846881151199341 18
1678157530885 0.7662914395332336 19
1678157531120 0.7499088644981384 20
1678157531354 0.7363669276237488 21
1678157531588 0.7206796407699585 22
1678157531822 0.7084922790527344 23
1678157532055 0.6986292004585266 24
1678157532288 0.6878364682197571 25
1678157532525 0.6775304079055786 26
1678157532759 0.6697114109992981 27
1678157532992 0.6618795990943909 28
1678157533225 0.6528764367103577 29
1678157533459 0.6461546421051025 30
1678157533693 0.6388069987297058 31
1678157533926 0.6317341923713684 32
1678157534161 0.6245648860931396 33
1678157534396 0.6185970306396484 34
