1678157004699 54.450931549072266 0
1678157004953 1.3369649648666382 1
1678157005201 1.3366305828094482 2
1678157005452 1.3377659320831299 3
1678157005701 1.3413238525390625 4
1678157005950 1.339543342590332 5
1678157006198 1.3468258380889893 6
1678157006447 1.3472082614898682 7
1678157006694 1.3600049018859863 8
1678157006943 1.3499679565429688 9
1678157007192 1.360081672668457 10
1678157007441 1.3794655799865723 11
1678157007689 1.370259404182434 12
1678157007939 1.3751418590545654 13
1678157008186 1.3768749237060547 14
1678157008484 1.3744168281555176 15
1678157008735 1.3831316232681274 16
1678157008984 1.368874430656433 17
1678157009235 1.3727694749832153 18
1678157009483 1.3841933012008667 19
1678157009731 1.3726662397384644 20
1678157009977 1.3780125379562378 21
1678157010227 1.3848683834075928 22
1678157010477 1.3700947761535645 23
1678157010727 1.3875266313552856 24
1678157010978 1.3755537271499634 25
1678157011228 1.3698621988296509 26
1678157011475 1.3922193050384521 27
1678157011724 1.3615113496780396 28
1678157011972 1.383447527885437 29
1678157012220 1.389668345451355 30
1678157012469 1.3803130388259888 31
1678157012717 1.3825985193252563 32
1678157012998 1.3916306495666504 33
1678157013253 1.3887819051742554 34
