1678157219592 0.5555449724197388 0
1678157219844 0.38485977053642273 1
1678157220098 0.36950013041496277 2
1678157220344 0.3694946765899658 3
1678157220595 0.381080687046051 4
1678157220842 0.37080127000808716 5
1678157221088 0.3558606207370758 6
1678157221334 0.3531416058540344 7
1678157221581 0.3542693555355072 8
1678157221829 0.36440420150756836 9
1678157222075 0.34841227531433105 10
1678157222352 0.35803237557411194 11
1678157222600 0.3572891354560852 12
1678157222848 0.35835886001586914 13
1678157223095 0.3611946702003479 14
1678157223343 0.35580775141716003 15
1678157223590 0.35560929775238037 16
1678157223838 0.35837966203689575 17
1678157224087 0.34762251377105713 18
1678157224334 0.34917524456977844 19
1678157224580 0.34288153052330017 20
1678157224828 0.34558895230293274 21
1678157225075 0.3479861319065094 22
1678157225323 0.35235682129859924 23
1678157225571 0.3461960256099701 24
1678157225819 0.3473377227783203 25
1678157226066 0.3501459062099457 26
1678157226336 0.3419220447540283 27
1678157226605 0.380199134349823 28
1678157226849 0.3744536340236664 29
1678157227093 0.3491351008415222 30
1678157227337 0.34959661960601807 31
1678157227584 0.3431969881057739 32
1678157227833 0.3502855598926544 33
1678157228082 0.34318116307258606 34
