1678157558544 0.6105486154556274 0
1678157558800 0.39825439453125 1
1678157559057 0.39040443301200867 2
1678157559312 0.3742517828941345 3
1678157559564 0.3744959831237793 4
1678157559818 0.37592318654060364 5
1678157560115 0.3567979633808136 6
1678157560413 0.41803178191185 7
1678157560675 0.36740967631340027 8
1678157560928 0.3693263828754425 9
1678157561188 0.373121440410614 10
1678157561439 0.35975298285484314 11
1678157561698 0.36075282096862793 12
1678157561951 0.35279369354248047 13
1678157562205 0.36043646931648254 14
1678157562459 0.3627197742462158 15
1678157562711 0.35291188955307007 16
1678157562964 0.3702913224697113 17
1678157563217 0.35641637444496155 18
1678157563469 0.36288607120513916 19
1678157563721 0.35166436433792114 20
1678157563972 0.3515527844429016 21
1678157564224 0.34994786977767944 22
1678157564476 0.3454461395740509 23
1678157564728 0.3485298752784729 24
1678157564980 0.3521002531051636 25
1678157565232 0.34321850538253784 26
1678157565484 0.3513050377368927 27
1678157565738 0.3467160165309906 28
1678157565990 0.340278297662735 29
1678157566244 0.35129088163375854 30
1678157566506 0.3539890944957733 31
1678157566826 0.3399798274040222 32
1678157567279 0.3488088846206665 33
1678157567560 0.345386803150177 34
