1678157576332 0.6074031591415405 0
1678157576602 0.41858312487602234 1
1678157576859 0.37965700030326843 2
1678157577112 0.35888391733169556 3
1678157577367 0.34161460399627686 4
1678157577620 0.3317096531391144 5
1678157577873 0.3266032040119171 6
1678157578149 0.321439266204834 7
1678157578402 0.3229164481163025 8
1678157578668 0.34483078122138977 9
1678157578970 0.3124559819698334 10
1678157579236 0.30694055557250977 11
1678157579533 0.3071998357772827 12
1678157579791 0.3034699261188507 13
1678157580045 0.295767605304718 14
1678157580300 0.29528549313545227 15
1678157580556 0.29047197103500366 16
1678157580817 0.28993719816207886 17
1678157581073 0.287160724401474 18
1678157581331 0.28167295455932617 19
1678157581599 0.2832532823085785 20
1678157581860 0.2822331190109253 21
1678157582111 0.2892749607563019 22
1678157582363 0.28202319145202637 23
1678157582614 0.27477118372917175 24
1678157582864 0.27012014389038086 25
1678157583115 0.2789947986602783 26
1678157583476 0.27627962827682495 27
1678157583766 0.2702672481536865 28
1678157584018 0.2723701000213623 29
1678157584269 0.27149465680122375 30
1678157584529 0.2674471139907837 31
1678157584783 0.2759700417518616 32
1678157585035 0.26872897148132324 33
1678157585288 0.335575670003891 34
