1678157362576 8.918251037597656 0
1678157362830 1.3360713720321655 1
1678157363079 1.3428704738616943 2
1678157363325 1.3463528156280518 3
1678157363573 1.3431700468063354 4
1678157363819 1.3442386388778687 5
1678157364064 1.3509289026260376 6
1678157364313 1.361199975013733 7
1678157364564 1.363305687904358 8
1678157364814 1.3697047233581543 9
1678157365062 1.3599112033843994 10
1678157365311 1.3626630306243896 11
1678157365559 1.3628783226013184 12
1678157365808 1.3740161657333374 13
1678157366064 1.3723236322402954 14
1678157366329 1.3646149635314941 15
1678157366581 1.3710490465164185 16
1678157366829 1.3652944564819336 17
1678157367082 1.3600345849990845 18
1678157367330 1.371405839920044 19
1678157367580 1.3710484504699707 20
1678157367830 1.3695520162582397 21
1678157368078 1.3743265867233276 22
1678157368327 1.3653708696365356 23
1678157368575 1.3717131614685059 24
1678157368822 1.3657190799713135 25
1678157369070 1.3747998476028442 26
1678157369317 1.383097767829895 27
1678157369579 1.375712275505066 28
1678157369847 1.367790937423706 29
1678157370118 1.3734521865844727 30
1678157370382 1.366040825843811 31
1678157370631 1.3656264543533325 32
1678157370880 1.3677093982696533 33
1678157371129 1.3685187101364136 34
