1678156749801 0.5646835565567017 0
1678156750041 0.44376203417778015 1
1678156750281 0.4072971045970917 2
1678156750528 0.3811718225479126 3
1678156750772 0.38214224576950073 4
1678156751020 0.41640809178352356 5
1678156751266 0.38711458444595337 6
1678156751501 0.38669583201408386 7
1678156751740 0.3818642199039459 8
1678156751982 0.37756162881851196 9
1678156752241 0.38453710079193115 10
1678156752510 0.39537113904953003 11
1678156752762 0.37506985664367676 12
1678156753004 0.37745022773742676 13
1678156753247 0.3797070384025574 14
1678156753486 0.3803197145462036 15
1678156753730 0.37849459052085876 16
1678156754018 0.37332889437675476 17
1678156754264 0.3914874494075775 18
1678156754507 0.37370988726615906 19
1678156754745 0.36999091506004333 20
1678156755007 0.3642531633377075 21
1678156755245 0.3718659281730652 22
1678156755497 0.3827707767486572 23
1678156755742 0.36896657943725586 24
1678156755988 0.3628709614276886 25
1678156756229 0.37533870339393616 26
1678156756472 0.3706364333629608 27
1678156756735 0.36857858300209045 28
1678156756980 2.0850648880004883 29
1678156757228 0.3627817630767822 30
1678156757473 0.35795024037361145 31
1678156757711 0.3804228901863098 32
1678156757948 0.3632250130176544 33
1678156758191 0.35630086064338684 34
