1678157187414 0.6164832711219788 0
1678157187670 0.5058203935623169 1
1678157187924 0.4944941997528076 2
1678157188175 0.5029848217964172 3
1678157188427 0.4776349663734436 4
1678157188677 0.48097774386405945 5
1678157188929 0.5072047114372253 6
1678157189179 0.47348037362098694 7
1678157189430 0.49547940492630005 8
1678157189681 0.48142051696777344 9
1678157189932 0.497613787651062 10
1678157190184 0.5074717998504639 11
1678157190434 0.4990761876106262 12
1678157190685 0.4946855306625366 13
1678157190978 0.5099040269851685 14
1678157191229 0.5110182762145996 15
1678157191479 0.49765825271606445 16
1678157191729 0.46651580929756165 17
1678157191980 0.48791706562042236 18
1678157192230 0.4805644452571869 19
1678157192481 0.4728808104991913 20
1678157192735 0.49873602390289307 21
1678157192985 0.4650317132472992 22
1678157193234 0.46813637018203735 23
1678157193485 0.48206061124801636 24
1678157193735 0.49306929111480713 25
1678157193984 0.5137549042701721 26
1678157194234 0.5078815817832947 27
1678157194484 0.47193557024002075 28
1678157194735 0.4764246940612793 29
1678157194986 0.49452704191207886 30
1678157195237 0.5016289949417114 31
1678157195488 0.4694574475288391 32
1678157195740 0.4835425019264221 33
1678157196024 0.5012607574462891 34
