1678157645967 0.9637313485145569 0
1678157646209 0.4376373887062073 1
1678157646448 0.3985658586025238 2
1678157646686 0.3793177604675293 3
1678157646923 0.36755505204200745 4
1678157647160 0.35868293046951294 5
1678157647398 0.3519969582557678 6
1678157647635 0.3456883430480957 7
1678157647873 0.34080368280410767 8
1678157648111 0.33431485295295715 9
1678157648349 0.32960543036460876 10
1678157648586 0.3276904225349426 11
1678157648824 0.3226950168609619 12
1678157649060 0.31747859716415405 13
1678157649297 0.3146072328090668 14
1678157649533 0.31152036786079407 15
1678157649770 0.30923205614089966 16
1678157650006 0.3054424822330475 17
1678157650243 0.3043566346168518 18
1678157650481 0.3018289804458618 19
1678157650717 0.30010470747947693 20
1678157650958 0.3002692461013794 21
1678157651195 0.2968459129333496 22
1678157651431 0.29438164830207825 23
1678157651701 0.2931874990463257 24
1678157651947 0.2911766767501831 25
1678157652183 0.28933247923851013 26
1678157652422 0.28789201378822327 27
1678157652659 0.2876321077346802 28
1678157652896 0.2862261235713959 29
1678157653133 0.28403234481811523 30
1678157653370 0.28406670689582825 31
1678157653621 0.28226134181022644 32
1678157653862 0.2814989686012268 33
1678157654099 0.28250831365585327 34
