1678156782686 6.155654430389404 0
1678156782951 5.6889495849609375 1
1678156783191 5.241047382354736 2
1678156783439 4.806822299957275 3
1678156783706 4.360570430755615 4
1678156783952 3.9404666423797607 5
1678156784194 3.522432804107666 6
1678156784493 3.1216635704040527 7
1678156784739 2.7598342895507812 8
1678156784987 2.4320714473724365 9
1678156785228 2.1332366466522217 10
1678156785463 1.8670437335968018 11
1678156785700 1.6532797813415527 12
1678156785946 1.4799165725708008 13
1678156786186 1.344521164894104 14
1678156786426 1.2370904684066772 15
1678156786678 1.1549752950668335 16
1678156786930 1.0902942419052124 17
1678156787170 1.036464810371399 18
1678156787417 0.9900999665260315 19
1678156787659 0.9522478580474854 20
1678156787896 0.9209814071655273 21
1678156788130 0.894827663898468 22
1678156788365 0.8733658194541931 23
1678156788607 0.8558188080787659 24
1678156788842 0.8405057787895203 25
1678156789084 0.8275227546691895 26
1678156789318 0.8163247108459473 27
1678156789553 0.8069444298744202 28
1678156789795 0.798830509185791 29
1678156790032 0.7908037900924683 30
1678156790269 0.7835755944252014 31
1678156790509 0.7772367596626282 32
1678156790746 0.7710907459259033 33
1678156790987 0.7657260894775391 34
