1678157171386 0.5807666778564453 0
1678157171647 0.4596618115901947 1
1678157171900 0.36930346488952637 2
1678157172152 0.36183983087539673 3
1678157172406 0.34945833683013916 4
1678157172659 0.34745723009109497 5
1678157172912 0.37481698393821716 6
1678157173164 0.3480764329433441 7
1678157173418 0.33866992592811584 8
1678157173671 0.3329261243343353 9
1678157173924 0.3284386098384857 10
1678157174176 0.3288290798664093 11
1678157174429 0.33217349648475647 12
1678157174683 0.3268659710884094 13
1678157174936 0.3259202241897583 14
1678157175189 0.3275899589061737 15
1678157175439 0.3219892978668213 16
1678157175693 0.32089507579803467 17
1678157175943 0.32433658838272095 18
1678157176195 0.33031585812568665 19
1678157176445 0.3371335566043854 20
1678157176695 0.3246387541294098 21
1678157176947 0.32533910870552063 22
1678157177199 0.32045671343803406 23
1678157177454 0.3165569305419922 24
1678157177745 0.32317909598350525 25
1678157177999 0.31750229001045227 26
1678157178252 0.32506394386291504 27
1678157178502 0.3203345537185669 28
1678157178755 0.3198027014732361 29
1678157179006 0.3199882507324219 30
1678157179261 0.31049492955207825 31
1678157179513 0.3125673532485962 32
1678157179764 0.31302690505981445 33
1678157180020 0.31380170583724976 34
