1678157203653 0.8286210298538208 0
1678157203910 0.6246796250343323 1
1678157204167 0.508487343788147 2
1678157204417 0.48424801230430603 3
1678157204667 0.45208340883255005 4
1678157204917 0.4478605389595032 5
1678157205166 0.4384539723396301 6
1678157205413 0.45294860005378723 7
1678157205660 0.45400625467300415 8
1678157205908 0.4456600844860077 9
1678157206157 0.45425575971603394 10
1678157206404 0.4467207193374634 11
1678157206652 0.4356687068939209 12
1678157206901 0.4446808695793152 13
1678157207153 0.4338007867336273 14
1678157207403 0.44330644607543945 15
1678157207652 0.43374183773994446 16
1678157207900 0.43105432391166687 17
1678157208149 0.4385182559490204 18
1678157208398 0.434145450592041 19
1678157208645 0.43477505445480347 20
1678157208892 0.4406718611717224 21
1678157209139 0.44555652141571045 22
1678157209385 0.43295323848724365 23
1678157209634 0.43912699818611145 24
1678157209884 0.4460698068141937 25
1678157210133 0.45553791522979736 26
1678157210383 0.429136723279953 27
1678157210631 0.4349750876426697 28
1678157210879 0.4306205213069916 29
1678157211127 0.45171859860420227 30
1678157211379 0.44740962982177734 31
1678157211629 0.437590092420578 32
1678157211879 0.44894394278526306 33
1678157212130 0.44803521037101746 34
