1678157763581 4.510591506958008 0
1678157763822 1.09359872341156 1
1678157764061 0.8055124878883362 2
1678157764299 0.7202372550964355 3
1678157764535 0.6689513921737671 4
1678157764771 0.6276618838310242 5
1678157765006 0.5933591723442078 6
1678157765242 0.5640881657600403 7
1678157765478 0.5396217107772827 8
1678157765713 0.5187143683433533 9
1678157765949 0.503194272518158 10
1678157766184 0.4896169602870941 11
1678157766421 0.47830405831336975 12
1678157766658 0.4686550199985504 13
1678157766897 0.4604106545448303 14
1678157767146 0.4533903896808624 15
1678157767420 0.4470409154891968 16
1678157767684 0.4411148428916931 17
1678157767924 0.43584248423576355 18
1678157768174 0.43065550923347473 19
1678157768438 0.4263118505477905 20
1678157768679 0.4218088388442993 21
1678157768925 0.4176470637321472 22
1678157769180 0.41380229592323303 23
1678157769435 0.4105539321899414 24
1678157769681 0.4073643684387207 25
1678157769921 0.4041402041912079 26
1678157770160 0.4012112617492676 27
1678157770403 0.3986397087574005 28
1678157770645 0.39621129631996155 29
1678157770881 0.39379340410232544 30
1678157771169 0.3913700580596924 31
1678157771446 0.3895195424556732 32
1678157771691 0.3873274326324463 33
1678157771931 0.3855591416358948 34
