1678157379884 1.0492305755615234 0
1678157380122 0.48500901460647583 1
1678157380373 0.42106926441192627 2
1678157380609 0.4006335139274597 3
1678157380846 0.38692355155944824 4
1678157381082 0.3819615840911865 5
1678157381318 0.3757992684841156 6
1678157381554 0.3696824610233307 7
1678157381791 0.3698055148124695 8
1678157382026 0.3616645634174347 9
1678157382263 0.36044856905937195 10
1678157382501 0.35471293330192566 11
1678157382737 0.35290712118148804 12
1678157382973 0.3480086028575897 13
1678157383209 0.34251540899276733 14
1678157383445 0.34175002574920654 15
1678157383680 0.33721354603767395 16
1678157383917 0.3348666727542877 17
1678157384158 0.3300129473209381 18
1678157384395 0.33167824149131775 19
1678157384632 0.32754120230674744 20
1678157384867 0.32480111718177795 21
1678157385106 0.324290007352829 22
1678157385347 0.3219710886478424 23
1678157385591 0.3213765323162079 24
1678157385831 0.318209707736969 25
1678157386075 0.3169279992580414 26
1678157386318 0.3145827353000641 27
1678157386559 0.3151150345802307 28
1678157386801 0.31329357624053955 29
1678157387046 0.3114711046218872 30
1678157387286 0.30959609150886536 31
1678157387524 0.3090420067310333 32
1678157387769 0.3077518939971924 33
1678157388052 0.3065944314002991 34
