1678157542471 5.686769008636475 0
1678157542710 5.008195400238037 1
1678157542945 4.359359264373779 2
1678157543253 3.7454752922058105 3
1678157543730 3.175727128982544 4
1678157543987 2.664325714111328 5
1678157544227 2.230724334716797 6
1678157544463 1.9050318002700806 7
1678157544698 1.674049735069275 8
1678157544931 1.51175057888031 9
1678157545166 1.3980636596679688 10
1678157545399 1.3097344636917114 11
1678157545630 1.2356321811676025 12
1678157545862 1.1749355792999268 13
1678157546095 1.120408058166504 14
1678157546329 1.0738778114318848 15
1678157546566 1.0323232412338257 16
1678157546801 0.9959669709205627 17
1678157547037 0.9645736217498779 18
1678157547270 0.9370441436767578 19
1678157547503 0.9121394753456116 20
1678157547734 0.8903312087059021 21
1678157547969 0.8690329194068909 22
1678157548205 0.8505871891975403 23
1678157548441 0.8341935873031616 24
1678157548693 0.8198314905166626 25
1678157548927 0.8056668043136597 26
1678157549162 0.7930177450180054 27
1678157549396 0.7816172242164612 28
1678157549631 0.7705107927322388 29
1678157549865 0.7607302069664001 30
1678157550101 0.7509797215461731 31
1678157550336 0.7426254749298096 32
1678157550570 0.7340950965881348 33
1678157550804 0.7264135479927063 34
