1678156870976 0.6017826199531555 0
1678156871274 0.37464284896850586 1
1678156871534 0.36250564455986023 2
1678156871794 0.34619253873825073 3
1678156872049 0.3417533040046692 4
1678156872305 0.3398554027080536 5
1678156872567 0.3404920697212219 6
1678156872822 0.318960577249527 7
1678156873079 0.3289482295513153 8
1678156873337 0.3266891837120056 9
1678156873592 0.320454478263855 10
1678156873852 0.310609370470047 11
1678156874131 0.3114173710346222 12
1678156874391 0.30937692523002625 13
1678156874653 0.30444422364234924 14
1678156874911 0.3139825165271759 15
1678156875166 0.3023592233657837 16
1678156875424 0.30991148948669434 17
1678156875685 0.3049316108226776 18
1678156875948 0.30740877985954285 19
1678156876203 0.3035847842693329 20
1678156876460 0.31178146600723267 21
1678156876723 0.305939257144928 22
1678156876986 0.2997950613498688 23
1678156877268 0.2980698347091675 24
1678156877542 0.29298508167266846 25
1678156877828 0.29741185903549194 26
1678156878120 0.30328428745269775 27
1678156878386 0.30686816573143005 28
1678156878648 0.2989062964916229 29
1678156878926 0.2969415485858917 30
1678156879206 0.29893338680267334 31
1678156879463 0.29761508107185364 32
1678156879759 2.5899226665496826 33
1678156880017 0.2932949960231781 34
