1678157105081 0.5855751633644104 0
1678157105320 0.3991522789001465 1
1678157105556 0.36759600043296814 2
1678157105791 0.35095784068107605 3
1678157106026 0.3441985845565796 4
1678157106262 0.34518563747406006 5
1678157106498 0.3286895453929901 6
1678157106733 0.3426077961921692 7
1678157106969 0.33772116899490356 8
1678157107207 0.3238280117511749 9
1678157107441 0.31668779253959656 10
1678157107674 0.3172118067741394 11
1678157107909 0.30949294567108154 12
1678157108144 0.309924840927124 13
1678157108380 0.30398058891296387 14
1678157108617 0.30290505290031433 15
1678157108852 0.3029675781726837 16
1678157109087 0.3178349733352661 17
1678157109324 0.29853370785713196 18
1678157109560 0.29713964462280273 19
1678157109796 0.29176613688468933 20
1678157110033 0.2943171262741089 21
1678157110270 0.29221779108047485 22
1678157110504 0.2905445396900177 23
1678157110736 0.30518636107444763 24
1678157110969 0.29707080125808716 25
1678157111204 0.2923644483089447 26
1678157111441 0.2911648452281952 27
1678157111674 0.2875605821609497 28
1678157111910 0.28568148612976074 29
1678157112146 0.2885487377643585 30
1678157112383 0.2894136309623718 31
1678157112618 0.28596845269203186 32
1678157112852 0.28357404470443726 33
1678157113092 0.2860332727432251 34
