1678156923342 1.414902687072754 0
1678156923600 0.6371456384658813 1
1678156923850 0.528748095035553 2
1678156924104 0.4891414940357208 3
1678156924347 0.4594660699367523 4
1678156924588 0.4293469786643982 5
1678156924857 0.4067171812057495 6
1678156925093 0.3964207172393799 7
1678156925329 0.38350361585617065 8
1678156925564 0.3755580484867096 9
1678156925799 0.3680628836154938 10
1678156926034 0.36281582713127136 11
1678156926268 0.3554334044456482 12
1678156926503 0.3526313304901123 13
1678156926738 0.3490959107875824 14
1678156926971 0.34567052125930786 15
1678156927260 0.34196236729621887 16
1678156927495 0.34036391973495483 17
1678156927729 0.3361838161945343 18
1678156927964 0.33411508798599243 19
1678156928199 0.3343791365623474 20
1678156928434 0.3326127231121063 21
1678156928668 0.32888028025627136 22
1678156928932 0.3267723619937897 23
1678156929166 0.32892024517059326 24
1678156929402 0.32569602131843567 25
1678156929636 0.3233065903186798 26
1678156929869 0.3249180316925049 27
1678156930103 0.32305872440338135 28
1678156930337 0.32157185673713684 29
1678156930571 0.3199848234653473 30
1678156930804 0.32041165232658386 31
1678156931038 0.3173907697200775 32
1678156931272 0.3199951946735382 33
1678156931507 0.3187508285045624 34
