1678156987706 0.545167088508606 0
1678156987998 0.386391818523407 1
1678156988254 0.3773677349090576 2
1678156988508 0.36933305859565735 3
1678156988762 0.36957183480262756 4
1678156989016 0.3616461753845215 5
1678156989270 0.353643000125885 6
1678156989523 0.3464494049549103 7
1678156989778 0.35081323981285095 8
1678156990032 0.3368988037109375 9
1678156990285 0.332156777381897 10
1678156990539 0.3311210870742798 11
1678156990842 0.33744436502456665 12
1678156991099 0.33666303753852844 13
1678156991353 0.3234032988548279 14
1678156991606 0.3218536376953125 15
1678156991862 0.3200213611125946 16
1678156992116 0.3186701834201813 17
1678156992371 0.3154107928276062 18
1678156992625 0.30986425280570984 19
1678156992916 0.3329724967479706 20
1678156993171 0.3189948797225952 21
1678156993425 0.3170793354511261 22
1678156993676 0.3221995532512665 23
1678156993928 0.31777530908584595 24
1678156994181 0.3139408528804779 25
1678156994432 0.320235013961792 26
1678156994684 0.3090621531009674 27
1678156994940 0.32152917981147766 28
1678156995221 0.39385536313056946 29
1678156995474 0.33226174116134644 30
1678156995729 0.3282089829444885 31
1678156995981 0.3248775601387024 32
1678156996235 0.3163240849971771 33
1678156996490 0.31959474086761475 34
