1678157729480 5.114926338195801 0
1678157729730 4.738564491271973 1
1678157729967 4.360103130340576 2
1678157730206 3.998523235321045 3
1678157730442 3.6568243503570557 4
1678157730684 3.3410964012145996 5
1678157730920 3.0479896068573 6
1678157731153 2.786501407623291 7
1678157731390 2.5508382320404053 8
1678157731627 2.347057342529297 9
1678157731863 2.170630931854248 10
1678157732102 2.018049955368042 11
1678157732340 1.886929988861084 12
1678157732578 1.773760437965393 13
1678157732815 1.6730931997299194 14
1678157733097 1.584855556488037 15
1678157733335 1.5071849822998047 16
1678157733574 1.4373377561569214 17
1678157733812 1.3748924732208252 18
1678157734052 1.3199915885925293 19
1678157734391 1.270077109336853 20
1678157734682 1.2234092950820923 21
1678157734921 1.181641936302185 22
1678157735157 1.1428570747375488 23
1678157735402 1.106873869895935 24
1678157735640 1.0748317241668701 25
1678157735879 1.045702338218689 26
1678157736115 1.0184452533721924 27
1678157736358 0.9920472502708435 28
1678157736596 0.9666100740432739 29
1678157736833 0.945591390132904 30
1678157737077 0.9246775507926941 31
1678157737313 0.9064557552337646 32
1678157737551 0.8881751894950867 33
1678157737789 0.8723328709602356 34
